YMR037C	YGL162W	YMR070W	YPL177C	YIL101C	YCR096C	YML113W	YGR249W	YDR123C	YMR021C	YBR297W	YJL110C	YMR042W	YER045C	YDR520C	YCL066W	YMR019W	YCL067C	YKL043W	YPR199C	YNL167C	YOR113W	YCR097W	YOL067C	YGL254W	YGL231C	YJR150C	YMR135WA	YMR169C	YNL001W	YLR042C	YMR136W	YLR171W	YJR044C	YAL062W	YLR023C	YCR107W	YDR309C	YPR123C	YDR544C	YER189W	YMR170C	YER145C	YAR050W	YGR073C	YJR050W	YBR013C	YBR292C	YGR136W	YGL001C
0.1312335	0.9004504	0.7764786	0.0213218	1.0882335	1.0545378	1.0935981	0.5526693	0.8563607	0.6746196	0.1667511	0.6366512	0.4987336	0.0774211	0.3538913	0.4788947	0.9570419	0.5704197	0.9675643	1.0208194	0.9582918	0.9576848	1.0090547	0.9053123	0.4666928	0.0708370	0.0009881	0.2984362	0.5494837	0.7994635	0.8345757	0.2316943	0.4247195	0.7773330	0.4412384	0.1016720	1.0208356	0.2991848	0.9685837	0.5970771	1.0298260	0.0170376	0.3245607	0.0202153	0.7476774	0.9497805	0.0044680	0.4701880	0.5862705	0.5140997
0.1096661	1.0567889	0.4172520	0.0236474	0.9666678	0.9076154	0.9653666	0.6671530	0.6679755	1.1941798	0.0813988	1.0951186	0.9328164	0.3122231	0.2942431	0.0363962	0.6807000	0.0744966	0.9796781	0.5820460	0.6751648	0.6728708	0.9885796	0.8894668	0.6424704	0.0215405	0.1151031	0.3469319	0.1296980	0.6925626	0.7743861	0.4791642	0.5748946	0.3847713	0.1934747	0.6731167	0.5576795	0.4328694	0.9727402	0.7701864	0.9556849	0.0981004	0.8578743	0.0234362	0.9102968	0.9794271	0.0000723	0.6902690	0.4297712	0.4544275
0.4065870	0.6137776	0.6214928	0.0138570	0.4260737	0.8244221	1.0214244	0.7534674	0.7023935	1.0395366	0.0433917	0.6917786	1.0777355	0.6428545	0.2536912	0.0657621	0.9425346	0.4243012	0.4831130	0.9448389	0.9256271	0.9826799	0.8157767	1.0625241	0.5974131	0.2793950	0.2122468	0.5966072	0.5173448	0.7625394	0.6391000	0.5772471	0.6107896	0.8892487	0.4053572	0.4427791	0.8778414	0.3259961	0.9557894	0.6644322	0.9156228	0.6099158	0.3293300	0.5543347	0.9882782	0.9619673	0.2187994	0.5045683	0.2477922	0.3637547
0.0430391	0.9933972	0.9028549	0.2131522	0.5727836	0.6586233	0.5419629	0.2114428	1.0387821	0.8836581	0.0935597	0.9413185	0.8353752	0.0078479	0.8911604	0.2829164	1.0979997	0.0784595	1.0020959	0.6801289	0.8365399	0.9775909	1.0087779	0.9252145	0.6308116	0.0149140	0.2327263	0.1772919	0.1793011	0.7788180	0.9165605	0.1406237	0.2333061	0.4149509	0.8173298	0.6887268	0.9105115	0.4754111	0.9423090	0.4617493	1.0357142	0.0025758	0.5569588	0.0881052	0.0845775	0.9389909	0.0022715	0.2257028	0.4137979	0.6436400
0.2302712	0.7857956	0.7364291	0.0260928	1.0329515	0.8512947	1.0605720	0.7061205	0.8017770	1.0926081	0.0836934	0.7094931	0.9673687	0.3552598	0.3906134	0.0812012	0.9133759	0.5714868	0.9639859	1.1060107	0.9611644	1.0782401	1.0073002	1.0872602	0.7171068	0.1534319	0.0006508	0.6069026	0.4815363	0.7963927	0.5581804	0.4248137	0.3959507	0.4621404	0.3762277	0.0947229	1.0651166	0.4820633	1.0264836	0.4633293	1.0009995	0.1894587	0.7917599	0.0775125	0.7711665	1.0120238	0.0066363	0.2205632	0.3934811	0.4243310
0.1659131	0.7069044	0.4828169	0.0518515	1.1083112	0.5612590	0.9987926	0.7508058	0.9153615	0.8357601	0.0977799	0.4196971	0.9387628	0.5603516	0.4968720	0.4174264	1.0261534	0.8965277	1.0004180	0.9746534	1.1376360	0.9973066	0.3937014	1.0022611	0.8365086	0.0708374	0.0006467	0.2907663	0.4791401	0.4756901	0.5728303	0.1577716	0.3153537	0.6676554	0.2362980	0.2576854	0.8691413	0.3277546	1.0427987	0.6303489	0.9481268	0.0582034	0.5754561	0.0139899	0.9657206	0.9925054	0.4823198	0.4093336	0.4866993	0.3730112
0.0838559	1.0551252	0.8382109	0.0380091	0.7142239	0.7899727	1.0064576	0.2910566	1.0238465	0.9831345	0.1477937	0.8409825	0.9621593	0.0191157	0.4308195	0.0258243	1.0678392	0.1580717	1.0966376	0.9775041	1.0592663	1.0536795	1.1552275	0.8465119	0.4992334	0.1726678	0.2471994	0.1986289	0.4839961	0.9239924	1.0206155	0.4087672	0.2141277	0.5004426	0.4512677	0.5070400	1.0410334	0.3148157	1.0046890	0.7902266	1.0378148	0.0023279	0.7117724	0.0122578	0.4184441	0.9340868	0.2295593	0.3321752	0.3086760	0.6343151
0.1629202	1.0299291	0.8121859	0.3741196	0.2662866	1.0586569	0.6235435	0.5007290	0.9893842	0.9010813	0.0768651	1.0695124	0.8175622	0.1099343	0.7762467	0.1625636	0.8375182	0.1849351	0.8452054	1.0467160	0.9486651	1.0911662	0.9935137	0.7978814	0.3905614	0.0675298	0.1257358	0.4665975	0.2171068	0.4188333	0.9731291	0.4772259	0.1926736	0.5137409	0.3609785	0.4567038	1.0250352	0.5402499	1.0171401	0.9657588	0.9368195	0.0998888	0.7886634	0.1159284	0.8416317	0.9077922	0.0022509	0.3476633	0.3537488	0.5145169
0.1564582	0.9182444	0.8249074	0.0709627	0.9171753	0.7332676	0.8477078	0.5230228	1.0222621	0.4898639	0.3002364	0.6771175	0.8351873	0.5643541	0.4742531	0.3838670	1.0284223	0.4078551	0.8713058	0.9762765	1.1017702	0.7004892	1.0518650	0.9998206	0.6000180	0.0329962	0.2441487	0.1271127	0.1483040	0.5790392	0.9546943	0.5340621	0.2292159	0.5933658	0.3356501	0.5124131	0.8742305	0.2653996	0.6937964	0.7127082	1.0246515	0.0403694	0.1835119	0.1579888	0.7362712	0.9573081	0.3461027	0.2321505	0.5947310	0.6166593
0.1398758	0.9691817	0.5477853	0.0060531	1.0870512	0.6930034	0.9938919	1.0341820	0.6830700	1.1216462	0.1004178	0.8619474	0.7819060	0.1722987	0.5210320	0.0766546	1.0495785	0.3424697	0.7961214	0.9473975	0.9234478	0.8147631	0.8006342	0.7904235	0.2324670	0.3638129	0.0004515	0.3462240	0.4551982	0.6211278	0.9083514	0.4047677	0.5898965	0.6254203	0.2513969	0.5340860	0.6426550	0.4473790	1.0510747	0.5574848	1.0470823	0.0815674	0.9111198	0.0800136	0.8823525	1.0192172	0.0226669	0.2560266	0.4621602	0.7461333
0.1980004	0.8293368	0.7785034	0.0325615	0.8695895	0.8783513	0.9344850	0.5935178	0.8359679	0.9679832	0.0749150	1.1686856	1.1752574	0.3136774	0.3895278	0.4882474	0.9891879	0.0964893	0.9856991	0.8886069	1.0104160	0.9620149	1.0365396	1.0699265	0.7002773	0.2136336	0.0058774	0.3905665	0.2869768	0.4024381	0.7186506	0.5035141	0.4499184	0.4442528	0.3954305	0.7361989	0.5640120	0.3230430	0.9560449	0.4484349	1.0565027	0.1878582	0.6894807	0.0780547	0.7949539	0.9415119	0.0166053	0.2829798	0.4896184	0.3941290
0.2125295	0.9767156	0.8815165	0.0212295	0.9531749	1.0102185	1.0522519	0.6980130	0.7297893	1.0033423	0.0755155	0.8981800	1.0634792	0.0685139	0.4374353	0.0229082	1.0053348	0.1942740	0.7086245	0.9697730	0.8082108	0.9990921	1.0459964	0.8511466	0.4364959	0.0888289	0.2124822	0.3310580	0.2040967	0.6502878	0.5990376	0.3979136	0.2733057	0.5798837	0.1334589	0.5349936	0.9124342	0.3918195	1.0419011	0.3748435	1.0744770	0.2987161	0.6633359	0.1363122	0.9917829	1.0284146	0.0019196	0.3989752	0.2833297	0.4643368
0.1007394	1.0274642	0.3308637	0.5581353	0.4441261	0.6846908	1.0309259	0.3313567	0.9896723	1.0992788	0.0837298	0.9800987	0.9583093	0.0323101	0.6086260	0.0784721	1.0457591	0.1241281	1.0787507	0.9842680	0.8353434	0.9064573	0.6003953	1.0313326	0.6238090	0.0168824	0.2182269	0.2803371	0.3596992	1.0108559	0.9716732	0.5548824	0.1026267	0.6567922	0.1959622	0.5871431	0.9871926	0.5080324	0.9572258	0.9949828	1.0083256	0.4874064	1.0255824	0.0179774	0.4649957	0.9817524	0.1241776	0.3705884	0.4453361	0.3900478
0.2600140	0.7217991	0.7795552	0.0464064	0.9546714	0.8590618	1.1768374	0.6664598	0.8382640	0.7431404	0.1503003	0.9921170	1.0911834	0.3811311	0.3156188	0.3194202	0.9164024	0.1257936	0.9547836	0.4504972	0.8614722	0.6507556	0.8391741	0.9980011	0.6278803	0.1290844	0.0635497	0.4694216	0.3841664	0.8960831	0.5072860	0.5910859	0.3697870	0.3749385	0.3093351	0.4094312	1.0708075	0.4787158	0.8767519	0.7219110	0.9455821	0.1195487	0.6991338	0.1025054	0.8083054	1.0736511	0.0104892	0.4518625	0.1890731	0.5753972
0.1124490	0.9558586	0.4529310	0.1673071	0.9530148	0.8941832	0.8432806	0.9921666	1.0482014	0.9823483	0.0980155	1.0212427	1.0834337	0.0405601	0.6232153	0.0223834	0.9575214	0.1242467	1.0384814	0.9921273	0.8842329	0.9161274	0.9725273	1.0413482	0.5350915	0.3796949	0.2051199	0.2529364	0.6129315	0.7416017	0.9546309	0.2122803	0.2205702	0.4410536	0.3136864	0.6055284	0.9378040	0.5239305	0.9587686	0.6448891	1.0994366	0.1821491	0.5448077	0.1425515	1.0078164	1.0314024	0.2905620	0.3959828	0.4815677	0.4016276
0.8275447	0.4450928	0.9374768	0.7059006	0.3795506	0.6333302	1.0289773	0.4864657	1.0305333	1.0025569	0.0689829	0.9622751	0.9787069	0.1355229	0.4096859	0.2290748	0.3625959	0.2217833	1.0055619	0.9798024	1.0101585	0.9503993	1.0350541	1.0351542	0.6884484	0.7158134	0.2196466	0.2609704	0.7269186	0.5161748	0.2080961	0.8314323	0.2183842	0.4735083	0.0459256	0.6523117	0.4469138	0.7293398	1.0325512	0.9683393	1.0477442	0.9796606	0.9240177	0.1087570	0.7282364	1.1045572	0.2935618	0.8087825	0.5130769	0.4731039
0.1040921	0.9731055	0.5453326	0.0301238	0.7152397	0.8442907	0.9098254	0.3037863	1.0691641	0.8292555	0.1471013	0.6182206	1.0005522	0.1508637	0.2901361	0.1383157	1.0305326	0.6878243	0.8971781	0.9120948	0.8339299	1.0132835	1.0469379	0.8245314	0.2500336	0.0224985	0.0023874	0.1251038	0.6394823	0.7059662	0.7453130	0.4647636	0.1497051	0.8067333	0.7005639	0.3646945	1.0456869	0.5180409	1.0814497	0.7618828	1.0015236	0.0147218	0.6938667	0.0154051	0.2478671	0.9558317	0.1426506	0.4413129	0.6044123	0.3813303
0.1349909	0.8632565	0.2920939	0.0381775	0.8494290	0.6091092	0.8850469	0.5337677	0.6968458	0.8144923	0.2379830	0.9934505	0.9859336	0.2354967	0.4656797	0.3592799	0.6585066	0.1014373	0.9541667	0.7663049	1.0617594	0.7560263	0.9404736	0.9691661	0.7443228	0.0426083	0.2045411	0.4668183	0.2585326	0.7106408	0.9364517	0.3679042	0.6505945	0.4450684	0.4087815	0.6639642	0.7045613	0.4819941	0.9972792	0.9023585	1.0995955	0.2764207	0.6805116	0.1100056	0.7577085	1.0421833	0.0004858	0.7665376	0.3266688	0.4768149
0.0673722	1.0685263	0.1601573	0.2327346	0.4838882	1.0125451	1.0114281	0.3356698	0.8008047	0.8327253	0.1332507	0.8971203	0.8078562	0.4372225	0.4253797	0.1841240	1.0218276	0.0679886	1.0224280	0.5757309	0.8014699	1.0618318	1.0403539	0.8107646	0.4989381	0.1125707	0.2030916	0.2253650	0.0712680	0.8670625	1.0075267	0.3180059	0.2483735	0.3203027	0.4563522	0.6195899	0.9267052	0.8468001	1.0101139	0.6948461	0.9699848	0.0006384	0.6443640	0.0694309	0.5044238	0.9883411	0.0507679	0.5547699	0.5341528	0.4523775
0.0948731	0.9346155	0.5370322	0.0233813	1.0628947	0.6031583	0.9889141	0.8605452	1.0393145	0.9533693	0.0865117	0.8066810	0.9186284	0.0962061	0.4180309	0.0518549	1.1254378	0.3633166	0.7323348	0.8940850	0.8999223	0.7981163	0.9979449	0.9899369	0.8713227	0.1962076	0.2369597	0.3718229	0.3866492	0.7860229	0.8872462	0.5010753	0.1696927	0.4565452	0.1984021	0.5107286	0.9933340	0.4718254	1.0219325	0.7687590	0.9129701	0.0282819	0.5339344	0.1919432	1.1066092	0.9782752	0.0018601	0.3727231	0.4091883	0.4900837
0.1640030	0.9887342	0.8637761	0.0142235	0.9253628	0.8456203	0.9529389	0.5149462	1.0986284	0.9789625	0.1108812	0.9892013	0.9881596	0.2701728	0.4743102	0.0608994	0.9871140	0.1322592	1.0514254	0.9647655	1.0422070	0.9628100	0.9453634	0.9812065	0.8421315	0.3669760	0.2046201	0.1869240	0.2244131	0.7941407	0.7581612	0.3112027	0.1905006	0.5715089	0.0676922	0.6430861	0.7488554	0.6105368	0.9289481	0.9498411	0.9072538	0.0139592	0.6928131	0.0057655	0.6330379	0.9882706	0.0040809	0.3984728	0.3793902	0.5151013
0.0946290	0.9988157	0.6495167	0.0128211	0.7425294	0.5048489	0.9923116	0.8584317	0.9579039	1.0442905	0.0775105	0.9140736	1.0093167	0.6093003	0.4599901	0.0345337	0.9133072	0.1009956	1.0419095	0.9794300	1.0437948	1.0168611	1.0357931	1.0422303	0.7667012	0.2302617	0.2288230	0.2857915	0.1992622	0.9283298	1.0007328	0.2930237	0.1351795	0.5901554	0.1517202	0.2810793	0.9117129	0.3653210	1.0227465	0.7730620	1.1719394	0.0984126	0.5784899	0.0876519	1.0405038	0.9920690	0.0002078	0.4520900	0.4274738	0.7282556
0.1606287	0.9876134	0.6028467	0.1385784	0.7222700	0.6000513	0.6179157	0.3133742	1.0464237	0.9687518	0.0540093	0.9285492	0.6645513	0.0622811	0.8974205	0.1430842	0.9917330	0.1311700	0.5033915	1.1455717	0.7996661	1.0400240	0.4707287	1.0451749	0.7488419	0.0577535	0.2002945	0.5666204	0.2888385	0.5568704	0.5086309	0.4413010	0.2265708	0.5955677	0.6637879	0.3676406	1.0645799	0.3940665	0.9796453	0.4489437	1.1292887	0.2071718	0.2552856	0.3760196	0.2973010	0.9927591	0.2868188	0.5044621	0.4191647	0.5696646
0.0391682	0.9705983	0.4147577	0.4330872	0.0676139	0.8735632	0.9051121	0.3572190	0.7366296	0.7475668	0.1752249	0.7676366	0.9876921	0.0687301	0.2953694	0.0308328	0.7696546	0.1611356	0.9822080	0.7900278	1.0139524	1.0137639	1.0622671	1.0126741	0.6627465	0.0128914	0.1802088	0.2573836	0.0814129	0.6703959	0.9888692	0.4894418	0.6331058	0.5371168	0.5384376	0.4515889	0.4573007	0.8130797	0.9971852	1.0262585	0.9703649	0.0777090	0.6224826	0.0310872	0.3726225	1.0206379	0.0014924	0.5823249	0.5125926	0.3433239
0.1550770	1.0213673	0.7007752	0.0292715	1.0987415	0.6201471	1.0181485	0.8061586	1.0053842	0.6774759	0.2097007	0.8421416	0.9572738	0.2421393	0.5517219	0.0246346	0.8761987	0.1627251	0.6752168	0.9968772	1.0215503	0.9623829	0.9734202	1.0398382	0.6046655	0.0648417	0.0008062	0.6944084	0.1709475	0.7516329	0.8038152	0.4051721	0.2707438	0.5147790	0.4508665	0.4789451	1.1249394	0.2721662	0.9171824	0.9564244	1.1002276	0.3101025	0.8019422	0.1034717	0.9783958	0.9342671	0.0002016	0.3740273	0.5176189	0.5633176
0.3220021	0.5069986	0.9834641	0.2939702	0.6584989	0.6427698	0.8637107	0.2524874	0.8347814	1.0174680	0.0967546	1.0157697	0.9597967	0.4152788	0.6082036	0.2017611	0.8975380	0.1476287	0.6802597	0.9093526	1.0197395	0.7050794	0.8356699	1.0607191	0.8285861	0.3307528	0.2392818	0.3067971	0.5020368	0.6180244	0.4436644	0.5453710	0.4745299	0.7844290	0.6277338	0.6327899	0.8914457	0.5329590	0.9323314	0.4850092	0.9481547	0.5581804	0.6209029	0.1599307	0.3342980	1.0333797	0.0051666	0.4511226	0.4958278	0.3859513
0.0711715	1.0992628	0.8343376	0.1041115	0.6293362	0.8997593	0.6633926	0.1684827	0.8402008	0.8742710	0.0910997	0.8449305	0.9478894	0.1766232	0.8082818	0.0226253	0.9710651	0.2788656	0.7242068	1.0047277	1.0444714	0.4947819	0.9733594	1.0186413	0.6394454	0.0026457	0.1934718	0.4757403	0.1419300	0.8823643	0.4812078	0.5202187	0.3926969	0.4978725	0.0917325	0.6228719	0.9340990	0.3717943	0.9439160	0.4130873	1.0179420	0.0200158	0.5526597	0.0398179	0.0744004	1.0427733	0.2751338	0.4437957	0.5265141	0.8166036
0.7430364	0.3977964	0.7032007	0.0188855	1.0340733	0.7793076	0.6266134	0.8410641	0.7805087	0.5436764	0.2636945	1.0559528	0.8606071	0.6092384	0.8629112	0.3460917	0.7287447	0.1604564	0.9622960	0.9798796	0.9607137	0.9013282	0.9176193	0.9726200	0.5612529	0.7990702	0.0459144	0.0654113	0.8842201	0.6132671	0.1734190	0.4903644	0.4212910	0.5898010	0.5725340	0.4551776	1.0462146	0.2629327	0.8050583	0.5510225	0.9591808	0.8456006	0.1944280	0.0936569	0.9879539	0.9301377	0.1280348	0.5337513	0.4719332	0.7540624
0.6808719	0.4476963	0.9743913	0.0081494	1.0080173	0.5766446	1.0106110	0.7279325	1.1289940	0.9238547	0.0820714	1.0776466	0.9185031	0.7610513	0.4357125	0.0312934	0.6794607	0.1258315	0.7366318	0.6434051	0.8695566	1.0057132	0.9041842	1.0488972	0.6839212	0.6620951	0.1292185	0.4492195	0.6758105	0.3883852	0.3154883	0.6687057	0.1943909	0.4684443	0.2369390	0.5862531	0.8168092	0.3041943	1.0556184	0.4819013	0.9804958	0.8885880	0.5468468	0.1224718	0.9286227	1.0656451	0.0743391	0.7519986	0.4089744	0.5557206
0.1647778	0.8892537	0.8227970	0.3430192	0.5097739	0.7581285	0.9497536	0.6670627	0.8720876	0.7930977	0.0949499	0.9165864	0.8930872	0.3170541	0.3840159	0.0752328	1.0006360	0.1269746	0.4868044	0.9440796	1.0145454	0.9359123	0.7468850	0.9845676	0.6838514	0.0589943	0.1916912	0.0889103	0.3167659	0.9642011	0.7882383	0.4724219	0.1875186	0.4088167	0.6612596	0.5973238	0.8679425	0.3394499	0.9733153	0.6148828	0.9899851	0.4598562	0.4790981	0.4274440	0.8541603	1.0009250	0.0044363	0.3453789	0.5128471	0.4583891
0.1045664	1.0176199	0.8014978	0.0542711	0.7528891	0.9530514	0.9233539	0.1945089	1.0308895	0.8177549	0.0934153	0.9867168	1.0278007	0.1449205	0.5171209	0.2855142	1.0295396	0.1202463	0.9169365	0.6452777	0.9169752	0.9941984	1.0752679	1.0770030	0.6692891	0.0190022	0.0007637	0.2926288	0.0869238	0.6153051	0.9322176	0.4886035	0.1923040	0.8787013	0.4720530	0.7063181	1.0447147	0.3559989	0.9480445	0.2229234	1.0052100	0.0399921	0.6480670	0.0291435	0.0438596	1.0152463	0.1885972	0.3448907	0.5730199	0.6945170
0.1250896	0.9817873	0.5859480	0.0387781	0.9586243	1.0228787	0.8185368	0.2705922	0.9993364	0.7308973	0.1538183	0.7320237	1.0188220	0.0770284	0.4370828	0.3892914	0.9993941	0.2435659	1.0044666	1.0915145	0.8855458	0.9894264	0.9776019	1.0463216	0.5998205	0.6449381	0.1353103	0.5907853	0.4184746	0.5831880	0.9282042	0.5332987	0.2267190	0.7797424	0.4726335	0.2004106	1.0359347	0.2828084	0.9965677	0.2799347	0.9201412	0.0199208	0.7581983	0.0979180	0.2624539	1.0247756	0.0169793	0.4429617	0.4733760	0.3884857
0.0679195	1.0042055	0.6373319	0.0183161	1.0223955	0.7195708	1.0336949	0.2821352	0.6918806	1.0158548	0.0781748	0.9938011	0.6284197	0.1670421	0.2853750	0.1886570	1.1398511	0.1265395	0.5594635	0.9907078	0.9874915	0.8801590	1.0674001	0.8174017	0.4876335	0.0200082	0.2304074	0.5458436	0.2569886	0.6057723	0.9745623	0.1535191	0.4508438	0.8061631	0.4833214	0.6405295	0.4582118	0.2216899	0.9887725	0.8563063	1.0550687	0.0083223	0.6036657	0.3231278	0.5758972	0.9562326	0.0453486	0.3225332	0.3245599	0.4491387
0.0659294	1.1453424	0.7465397	0.3064406	0.5979047	0.8732434	0.9533918	0.5498906	1.0821184	0.9565068	0.0631807	0.8160396	1.0437561	0.0107730	0.4767498	0.5867376	0.7512096	0.3650428	0.9363465	0.9295525	0.9758027	1.0188887	0.7659198	0.7768313	0.4219358	0.2252038	0.2310766	0.4649741	0.2284851	1.0050681	1.0439631	0.3156997	0.0765445	0.4541421	0.0728933	0.3097155	0.5943332	0.4229100	1.0456914	0.6869201	0.9191094	0.0057303	0.4286536	0.0065245	0.7378846	0.9753612	0.2496956	0.6881881	0.5104379	0.5860643
0.1284205	0.9202553	0.8150643	0.0225335	1.0496475	0.6707609	0.4652186	0.4714395	0.8849313	0.9765034	0.1031393	0.9175818	1.0914535	0.0930978	0.6316178	0.1807366	1.0547956	0.1852944	1.0233802	0.6846099	0.9533284	0.8170101	0.9586444	0.9244755	0.5993994	0.2108198	0.2035123	0.1221871	0.3788549	0.6856795	0.8706043	0.3550559	0.2513982	0.4178040	0.3495238	0.6265595	0.9834852	0.2552430	1.0133222	0.2743623	1.0438774	0.0387864	0.4905145	0.0239062	0.7342455	1.0171415	0.0005523	0.2579004	0.3329505	0.6202141
0.1530371	1.1286381	0.9160014	0.4177949	0.3680672	0.9175800	0.9086365	0.4613776	0.9548397	0.5830226	0.0991771	0.3204214	1.0163037	0.0052394	0.3725657	0.3723243	0.7082928	0.9278323	0.5968703	1.0050547	0.7891875	0.9940207	0.7222034	0.9456641	0.7037464	0.0354764	0.1838882	0.2628618	0.2040011	0.5635547	0.9188693	0.3825965	0.1726598	0.5067957	0.3966460	0.2903771	0.9188962	0.3600758	0.8006049	0.7923564	0.9631530	0.2868845	0.4550151	0.1796222	0.8031051	1.0699059	0.1773459	0.5369455	0.6642050	0.7479646
0.1428448	1.0828434	0.8569427	0.1941724	0.9710519	0.9016313	0.9092330	0.4119475	1.0259163	0.6804398	0.1085070	0.6789358	0.8975723	0.0823746	0.4464474	0.0808085	0.8956792	0.5814027	0.8624988	1.0345313	0.5117764	0.8427724	0.7088680	1.0947292	0.6399928	0.1735744	0.0004256	0.5460916	0.4271679	0.7910529	0.7100569	0.2404688	0.1239362	0.6310216	0.6106345	0.2002306	0.9776290	0.2113388	0.9824670	0.6044646	0.9220311	0.0138454	0.5120558	0.0376195	0.5765940	0.9185930	0.0018270	0.3476625	0.2937937	0.4500693
0.0761551	1.0811846	0.7740251	0.0112442	0.8968008	0.3671013	0.8878298	0.2044477	0.7834080	0.7853382	0.1151602	1.0648909	0.9738636	0.0352971	0.5278330	0.0258421	0.9751789	0.0541292	0.5007101	0.9396232	0.9377792	0.8866030	0.9560797	0.6447037	0.1337601	0.0916365	0.0502263	0.3986066	0.1009136	0.7242108	0.9404705	0.1367847	0.4615264	0.6999697	0.1791669	0.5805602	1.1098375	0.2452615	0.9911824	0.8819747	0.9463182	0.1007408	0.4788086	0.4084480	0.1392445	0.9583328	0.4549326	0.4061617	0.3232164	0.5034515
0.1701810	0.9705328	1.0318451	0.3826264	0.5974573	0.4839753	0.9778334	0.4985760	0.6345346	1.1014397	0.1139312	0.9606509	0.9639975	0.1173920	0.5983505	0.3029511	0.9551835	0.1290760	1.0241827	0.9456464	0.9341331	0.8749363	1.0126783	0.9238598	0.6623283	0.5652453	0.2135710	0.0832812	0.3086824	0.8659610	0.6786435	0.0435613	0.6278745	0.5878308	0.4070904	0.6860222	0.8693653	0.5328400	1.0885158	0.8591532	0.9993590	0.3183138	0.7620285	0.0022409	0.7678972	0.9355543	0.0001462	0.3590892	0.2736486	0.3789172
0.1114986	0.9936606	0.7303653	0.1464405	0.9158463	0.9269540	0.8450301	0.4861928	0.9405815	0.9757664	0.1301808	1.0701166	0.6055480	0.1057385	0.5320591	0.3642224	0.5712953	0.1272427	0.8496256	1.0602889	0.9713539	0.8856408	1.0434511	0.7862456	0.4528108	0.2779861	0.0010693	0.3883975	0.2822175	0.8023505	0.7052672	0.2368718	0.1971907	0.4552857	0.5099105	0.4791634	1.0903349	0.4701903	0.9644961	0.5551947	1.0863590	0.1144886	0.5247366	0.1283107	0.7465564	1.0220818	0.0154346	0.6073038	0.4892769	0.6410479
0.0876997	0.9405294	0.7679540	0.1465103	0.8193029	0.7071886	1.0638232	0.7171056	1.1156014	0.9384163	0.1004507	0.7748752	0.9918476	0.5909871	0.2678503	0.3597463	0.9981681	0.3796076	1.0762923	0.9729737	0.8764987	1.0433617	0.9863083	0.7922105	0.3180278	0.0681767	0.1728935	0.4042294	0.3389283	0.9825972	0.8854832	0.4755566	0.0627411	0.6458883	0.7044721	0.2810917	0.9727160	0.5190207	1.0178062	0.8071291	1.0051839	0.1589837	0.5323177	0.1006022	1.0063907	0.9575398	0.1399437	0.5170969	0.2763303	0.4362284
0.2458064	0.7296455	0.6088059	0.0267827	1.0420024	0.8784951	1.0930693	0.5002017	1.0040769	0.6972881	0.1387863	0.9840206	0.6566224	0.1550085	0.4994925	0.1462352	0.4196132	0.1388616	0.8061790	0.9729841	0.9562661	0.9012719	0.8133031	0.5950024	0.2113705	0.4289231	0.1892529	0.4720900	0.4068116	0.4973314	0.5463901	0.5020833	0.2396110	0.5858312	0.6138071	0.3189601	0.9336984	0.3007774	1.0315678	0.4038687	1.0029594	0.6165309	0.2840205	0.1330643	0.5862428	1.0183500	0.3322659	0.8849764	0.2775674	0.4065496
0.1450329	0.9788872	0.5696714	0.5672252	0.3911176	0.9713412	1.0319234	0.7615746	0.9451704	1.0333423	0.0749557	0.9214661	1.0579832	0.0499994	0.3119494	0.0297409	0.8240775	0.2429721	0.8137245	0.9605130	1.0848433	0.9929195	0.9987409	0.9903544	0.6453471	0.0496455	0.2384183	0.3413184	0.7842316	0.6318418	0.5859442	0.4392915	0.1381569	0.4707988	0.3145314	0.2513418	0.8967785	0.6150635	0.9126764	0.5070551	0.9608346	0.0654743	0.3597154	0.1371137	0.8479620	0.9589425	0.0043311	0.6342949	0.4916997	0.7580908
0.1015688	0.9910432	0.4973107	0.0574378	0.7884990	0.8549734	1.0725493	0.4951379	0.8227858	1.0677466	0.0964180	1.0416202	1.0632534	0.1424502	0.4143093	0.1637620	0.9111004	0.1409319	1.1089506	0.9948411	0.9929579	0.2913816	1.0889845	0.9815773	0.6540545	0.0210911	0.1327601	0.2185347	0.1540465	0.9852035	0.8088227	0.2586266	0.3190482	0.5851664	0.6998061	0.9241922	0.9909761	0.3684777	0.9311137	0.6226543	0.9620413	0.0080266	0.6267576	0.0170954	0.7534923	0.9542766	0.0015728	0.5497328	0.5084883	0.4311745
0.2072057	0.8871406	0.4098628	0.0973200	1.0326955	0.7324969	0.9975743	0.6534215	0.9354044	1.0213614	0.0604123	0.9295340	0.9753990	0.2414773	0.2660841	0.0677372	0.8851605	0.1956589	0.9502889	0.6038449	0.8591272	1.0002924	1.0141062	0.9262157	0.5529845	0.1294661	0.1986146	0.4115340	0.3093922	0.3992967	0.6241320	0.4332902	0.2582894	0.3617816	0.0716647	0.3886783	1.0216431	0.2751917	0.9362364	0.6264888	1.0703504	0.3979262	0.7635802	0.1149449	0.8178567	0.9608665	0.3332214	0.5874574	0.4515996	0.6311439
0.2423647	0.7983302	0.5573692	0.3692464	0.2014236	0.7789822	0.8003749	0.5149733	0.6054122	1.0142665	0.0523217	0.9098873	0.6862345	0.1925215	0.6201402	0.3327124	0.9966182	0.3097541	0.9695425	1.0024518	1.0350341	1.0148482	0.9988459	0.9532837	0.5489527	0.3966457	0.2111838	0.1209501	0.2554713	0.5432917	0.6598989	0.5766683	0.7285798	0.4642135	0.0512838	0.5099640	0.4271866	0.6719515	1.0070088	0.7008659	0.9928129	0.1655302	0.8021464	0.1506680	0.7716247	0.9073608	0.0025970	0.4389257	0.2248915	0.4402823
0.1361508	0.9362040	0.3748014	0.0202904	1.0603825	0.9071788	0.8452035	0.7039578	0.8763756	0.8277683	0.1337727	0.9115699	1.1287986	0.0365472	0.6967727	0.0202518	0.8564518	0.1860733	0.5579633	0.9784737	0.9377560	1.0196661	1.0719617	0.8443610	0.6162567	0.0865708	0.2385896	0.0902299	0.2045786	0.8395655	0.8782887	0.4457078	0.2270553	0.5448772	0.2407639	0.5926045	1.1182969	0.2069549	1.0169701	0.7596527	0.9659530	0.0214344	0.3574361	0.7857921	0.9431228	1.0120691	0.3004978	0.3297395	0.5038639	0.3743674
0.0816490	0.8465389	0.7598252	0.5895957	0.4280416	0.9662120	1.0295263	0.9289612	0.5835037	0.8283025	0.1221801	0.9493740	1.0169084	0.0437175	0.1091935	0.6001115	0.2787181	0.1800780	0.8617606	1.0095088	0.9741733	0.9904700	0.9921673	0.6599124	0.4734886	0.0153657	0.0607180	0.2011141	0.2167545	0.7610318	0.7138098	0.5370296	0.6875743	0.5686456	0.1711095	0.3385139	1.0053106	0.7987436	0.8931238	0.6347727	0.9786714	0.3115784	0.5928390	0.0079730	0.9985481	0.9804950	0.2660495	0.9564845	0.4907387	0.3959863
0.4080483	0.6024816	0.8857988	0.0512013	0.9694273	0.8383898	0.4947353	0.2738067	0.9793133	0.5926618	0.2309639	0.5393581	0.8501613	0.1724863	0.8792196	0.2247972	0.6772867	0.7640467	1.0512015	1.1199733	0.7718090	1.0176164	1.0983474	0.6023844	0.1063823	0.5139884	0.1991647	0.3022660	0.7268357	0.4038623	0.4159324	0.6979801	0.1820608	0.9359630	0.3363600	0.3233973	0.9927357	0.3958183	0.8299526	0.3358662	0.9498588	0.6650010	0.3975237	0.1022556	0.1907252	0.9564385	0.0172779	0.6898549	0.5646538	0.5104246
0.0940946	0.8800911	0.5739686	0.0938517	0.9959386	1.0679606	0.8368033	0.4785452	0.6883794	1.0144627	0.0683115	0.9792866	0.8462962	0.0260150	0.6327918	0.1764903	1.0546638	0.1229430	0.9284370	0.9197490	0.9338099	0.9811143	0.5759225	1.0977156	0.6000567	0.7359005	0.2226324	0.6222761	0.3641312	0.9888200	0.9433081	0.4880715	0.5720496	0.4739375	0.5927437	0.7114063	1.0238242	0.3431193	0.9906214	0.5155682	1.1093091	0.0292613	0.4710838	0.0274058	0.8752993	0.8859095	0.3359120	0.3338267	0.4469987	0.7003520
